313
716 145
544 145
544 162
559 162
561 167
541 176
531 173
531 165
519 164
517 155
404 155
402 164
384 165
380 175
372 173
372 165
359 164
357 155
144 155
141 164
144 317
245 319
234 343
232 324
141 324
141 618
144 627
152 629
152 636
141 644
141 837
176 838
177 815
205 814
211 824
210 838
231 838
234 848
263 848
265 855
276 859
271 882
265 881
265 875
247 875
243 885
247 938
254 940
254 962
247 965
243 1017
247 1019
247 1030
267 1040
267 1056
275 1059
275 1081
267 1084
267 1167
282 1167
284 1171
257 1176
255 1138
237 1137
236 1111
246 1110
246 1049
199 1049
202 1070
210 1072
213 1098
203 1113
191 1105
195 1092
202 1091
202 1076
179 1074
179 1105
183 1110
161 1113
159 1105
171 1105
171 1074
159 1073
158 1062
128 1065
128 1118
142 1118
144 1128
225 1129
221 1139
204 1138
200 1151
176 1151
173 1139
162 1139
162 1151
146 1171
141 1198
228 1198
230 1215
255 1215
258 1209
282 1209
284 1215
304 1215
307 1245
315 1247
315 1255
307 1258
307 1281
303 1284
125 1284
125 1518
235 1518
234 1465
178 1463
179 1337
307 1339
307 1351
301 1361
297 1359
297 1345
185 1344
185 1458
297 1457
298 1441
314 1453
314 1459
305 1464
305 1533
297 1534
295 1527
247 1527
247 1532
239 1536
222 1533
219 1527
186 1527
187 1697
236 1697
236 1631
217 1631
217 1669
212 1673
206 1671
206 1577
219 1577
220 1569
245 1567
247 1575
295 1575
296 1568
304 1567
307 1575
373 1577
375 1601
367 1604
367 1876
376 1876
377 1870
385 1872
385 1879
396 1879
397 1870
403 1870
405 1875
465 1875
465 1827
415 1824
415 1604
410 1602
407 1578
428 1575
429 1567
447 1567
449 1562
456 1562
460 1571
533 1571
535 1575
554 1575
554 1558
542 1558
539 1551
512 1551
508 1558
489 1556
490 1510
510 1510
512 1520
539 1520
540 1510
580 1510
582 1555
566 1558
566 1575
587 1575
588 1571
680 1571
680 1556
671 1554
671 1509
699 1508
699 1491
677 1492
674 1480
587 1481
584 1458
673 1454
674 1443
684 1441
688 1452
682 1456
682 1484
717 1483
717 1446
699 1442
699 1419
717 1415
717 1366
699 1362
699 1339
717 1335
717 1286
699 1282
699 1259
717 1255
717 1206
701 1204
699 1195
664 1195
664 1224
627 1223
628 1217
657 1217
658 1187
699 1187
700 1178
716 1178
717 1126
699 1122
699 1106
687 1106
687 1123
683 1126
586 1125
583 1107
556 1103
560 1079
575 1079
578 1037
575 875
564 875
564 880
557 882
556 858
567 855
568 848
588 848
589 838
595 840
594 872
587 875
586 1077
601 1077
603 1091
693 1091
695 1095
717 1095
717 1046
708 1042
708 1018
717 1015
717 966
708 962
707 876
631 875
627 863
632 822
638 824
634 848
649 848
645 830
652 832
651 845
707 847
708 783
697 776
697 724
707 723
707 645
658 645
655 636
642 637
638 646
569 645
566 637
556 633
560 609
567 611
567 618
707 618
707 460
693 458
693 405
567 405
564 391
556 387
560 362
567 365
567 378
716 378
