(273,759)
(264,594)
(264,851)
(265,855)
(265,592)
(270,586)
(270,856)
(275,858)
(275,584)
(275,618)
(275,618)
(275,858)
(276,859)
(276,625)
(276,625)
(278,641)
(284,637)
(284,1171)
(282,1167)
(279,1167)
(279,640)
(278,641)
(276,625)
(276,1167)
(282,1167)
(284,1171)
(284,1215)
(284,637)
(288,635)
(288,1215)
(293,1215)
(293,633)
(293,633)
(293,324)
(293,1215)
(296,1215)
(296,324)
(301,324)
(301,1215)
(304,1215)
(306,1235)
(306,324)
(306,881)
(306,881)
(306,1235)
(307,1245)
(307,881)
(307,1057)
(310,1082)
(315,1083)
(315,1247)
(310,1245)
(310,1082)
(307,1057)
(307,1245)
(315,1247)
(375,1128)
(375,1601)
(373,1577)
(370,1576)
(370,1128)
(365,1110)
(365,1576)
(360,1576)
(360,1110)
(355,1110)
(355,1576)
(350,1576)
(350,1110)
(345,1110)
(345,1576)
(340,1576)
(340,1110)
(335,1110)
(335,1575)
(330,1575)
(330,1112)
(328,1114)
(325,1111)
(325,1575)
(320,1575)
(320,1108)
(316,1105)
(315,1083)
(315,1575)
(375,1128)
(375,1128)
(375,1876)
(377,1870)
(377,1128)
(382,1128)
(382,1871)
(385,1872)
(387,1879)
(387,1128)
(392,1128)
(392,1879)
(397,1870)
(397,1128)
(402,1128)
(402,1870)
(403,1870)
(407,1875)
(407,1128)
(407,1578)
(415,1824)
(465,1827)
(465,1875)
(460,1875)
(460,1826)
(455,1826)
(455,1875)
(450,1875)
(450,1826)
(445,1825)
(445,1875)
(440,1875)
(440,1825)
(435,1825)
(435,1875)
(430,1875)
(430,1824)
(425,1824)
(425,1875)
(420,1875)
(420,1824)
(415,1824)
(415,1604)
(415,1875)
(410,1875)
(410,1602)
(407,1578)
(407,1875)
(407,1578)
(407,1128)
(407,1578)
(412,1577)
(412,1128)
(417,1128)
(417,1576)
(422,1575)
(422,1128)
(427,1128)
(427,1575)
(429,1567)
(432,1567)
(432,1128)
(437,1128)
(437,1567)
(442,1567)
(442,1128)
(442,1388)
(449,1410)
(465,1425)
(489,1433)
(489,1571)
(484,1571)
(484,1429)
(479,1428)
(479,1571)
(474,1571)
(474,1427)
(469,1425)
(469,1571)
(464,1571)
(464,1424)
(459,1419)
(459,1568)
(456,1562)
(454,1562)
(454,1414)
(449,1410)
(449,1410)
(449,1562)
(444,1567)
(444,1394)
(442,1388)
(442,1567)
(449,1562)
(456,1562)
(489,1571)
(489,1571)
(494,1571)
(489,1558)
(493,1556)
(499,1571)
(505,1571)
(499,1557)
(504,1557)
(510,1571)
(516,1571)
(509,1555)
(512,1551)
(521,1571)
(526,1571)
(518,1551)
(523,1551)
(532,1571)
(533,1571)
(539,1575)
(529,1551)
(534,1551)
(544,1575)
(550,1575)
(543,1558)
(548,1558)
(554,1570)
(554,1558)
(508,1558)
(489,1556)
(489,1556)
(489,1433)
(490,1435)
(494,1435)
(494,1510)
(499,1510)
(499,1435)
(504,1435)
(504,1510)
(509,1510)
(509,1435)
(514,1435)
(514,1520)
(519,1520)
(519,1435)
(521,1435)
(524,1433)
(524,1520)
(529,1520)
(529,1431)
(534,1429)
(534,1520)
(539,1520)
(539,1426)
(544,1424)
(544,1510)
(549,1510)
(549,1422)
(550,1422)
(554,1416)
(554,1510)
(559,1510)
(559,1410)
(564,1404)
(564,1510)
(569,1510)
(569,1387)
(569,1387)
(582,1106)
(582,1555)
(580,1510)
(577,1510)
(577,1106)
(572,1105)
(572,1510)
(569,1510)
(569,1104)
(582,1106)
(582,1106)
(582,1575)
(584,1575)
(584,1113)
(584,1458)
(587,1481)
(671,1480)
(671,1571)
(666,1571)
(666,1480)
(661,1480)
(661,1571)
(656,1571)
(656,1480)
(651,1480)
(651,1571)
(646,1571)
(646,1480)
(641,1480)
(641,1571)
(636,1571)
(636,1480)
(631,1480)
(631,1571)
(626,1571)
(626,1480)
(621,1480)
(621,1571)
(616,1571)
(616,1480)
(611,1480)
(611,1571)
(606,1571)
(606,1480)
(601,1480)
(601,1571)
(596,1571)
(596,1480)
(591,1480)
(591,1571)
(588,1571)
(586,1575)
(586,1473)
(584,1458)
(584,1575)
(588,1571)
(671,1571)
(671,1571)
(671,1554)
(675,1554)
(675,1571)
(680,1571)
(680,1556)
(671,1554)
(671,1480)
(584,1575)
(588,1571)
(671,1509)
(671,1509)
(671,1480)
(674,1480)
(674,1508)
(679,1508)
(679,1491)
(684,1491)
(684,1508)
(689,1508)
(689,1491)
(694,1491)
(694,1508)
(699,1508)
(699,1491)
(677,1492)
(671,1480)
(671,1480)
(584,1575)
(584,1458)
(627,1125)
(627,1456)
(622,1456)
(622,1125)
(617,1125)
(617,1456)
(612,1456)
(612,1125)
(607,1125)
(607,1456)
(602,1457)
(602,1125)
(597,1125)
(597,1457)
(592,1457)
(592,1125)
(587,1125)
(587,1457)
(584,1458)
(584,1113)
(586,1125)
(627,1223)
(627,1456)
(627,1223)
(632,1223)
(632,1455)
(637,1455)
(637,1223)
(642,1223)
(642,1455)
(647,1455)
(647,1223)
(652,1223)
(652,1454)
(657,1454)
(657,1223)
(662,1223)
(662,1454)
(667,1454)
(667,1195)
(672,1195)
(672,1454)
(672,1454)
(672,1454)
(672,1237)
(673,1237)
(673,1454)
(674,1443)
(678,1442)
(678,1242)
(683,1238)
(683,1441)
(684,1441)
(688,1452)
(688,1235)
(688,1235)
(688,1195)
(688,1483)
(689,1483)
(689,1195)
(694,1195)
(694,1483)
(699,1483)
(699,1195)
(699,1442)
(717,1446)
(717,1483)
(712,1483)
(712,1444)
(707,1443)
(707,1483)
(702,1483)
(702,1442)
(699,1442)
(699,1483)
(699,1442)
(699,1195)
(688,1195)
(699,1362)
(717,1366)
(717,1415)
(712,1416)
(712,1364)
(707,1363)
(707,1417)
(702,1418)
(702,1362)
(699,1362)
(699,1419)
(699,1362)
(699,1195)
(688,1195)
(699,1282)
(717,1286)
(717,1335)
(712,1336)
(712,1284)
(707,1283)
(707,1337)
(702,1338)
(702,1282)
(699,1282)
(699,1339)
(699,1282)
(699,1195)
(688,1195)
(699,1195)
(701,1204)
(717,1206)
(717,1255)
(712,1256)
(712,1205)
(707,1204)
(707,1257)
(702,1258)
(702,1204)
(701,1204)
(699,1195)
(699,1259)
(699,1259)
(699,1195)
(688,1195)
(688,1452)
(688,1452)
(688,1483)
(683,1483)
(683,1455)
(682,1456)
(682,1484)
(688,1452)
(688,1195)
(699,1195)
(688,1195)
(688,1195)
(688,1235)
(684,1227)
(683,1227)
(683,1195)
(678,1195)
(678,1228)
(673,1228)
(673,1195)
(672,1195)
(672,1229)
(688,1195)
(688,1195)
(699,1195)
(688,1235)
(688,1235)
(672,1454)
(672,1454)
(672,1454)
(627,1456)
(627,1223)
(627,1223)
(627,1125)
(632,1125)
(632,1217)
(637,1217)
(637,1125)
(642,1125)
(642,1217)
(647,1217)
(647,1125)
(652,1125)
(652,1217)
(657,1217)
(657,1125)
(662,1125)
(662,1187)
(667,1187)
(667,1125)
(672,1125)
(672,1187)
(677,1187)
(677,1125)
(682,1125)
(682,1187)
(687,1187)
(687,1106)
(692,1106)
(692,1187)
(697,1187)
(697,1106)
(699,1122)
(702,1122)
(702,1178)
(707,1178)
(707,1123)
(712,1124)
(712,1178)
(717,1126)
(628,1217)
(627,1223)
(627,1456)
(672,1454)
(627,1223)
(627,1125)
(586,1125)
(584,1113)
(584,1458)
(587,1481)
(671,1480)
(584,1575)
(584,1458)
(584,1113)
(582,1106)
(582,1555)
(582,1555)
(582,1575)
(577,1575)
(577,1555)
(572,1556)
(572,1575)
(567,1575)
(567,1557)
(566,1558)
(566,1575)
(582,1555)
(584,1113)
(582,1106)
(582,1106)
(582,1106)
(569,1104)
(569,1104)
(569,1104)
(569,1294)
(564,1278)
(564,1104)
(559,1103)
(559,1268)
(556,1265)
(556,1103)
(556,1103)
(556,1103)
(556,858)
(557,882)
(561,880)
(561,1079)
(566,1079)
(566,875)
(571,875)
(571,1079)
(576,1065)
(576,929)
(578,1037)
(557,882)
(556,858)
(556,858)
(556,633)
(560,634)
(560,856)
(565,855)
(565,636)
(569,645)
(570,645)
(570,848)
(575,848)
(575,645)
(580,645)
(580,848)
(585,848)
(585,645)
(590,645)
(590,838)
(595,840)
(595,645)
(595,645)
(595,645)
(595,1077)
(596,1077)
(596,645)
(601,645)
(601,1077)
(606,1091)
(606,645)
(606,709)
(606,709)
(606,1091)
(609,1091)
(609,714)
(611,718)
(614,718)
(614,1091)
(619,1091)
(619,718)
(619,1029)
(622,1037)
(628,1032)
(628,1091)
(623,1091)
(623,1036)
(622,1037)
(619,1029)
(619,1091)
(628,1032)
(641,875)
(641,1091)
(636,1091)
(636,875)
(631,875)
(631,875)
(631,1091)
(628,1091)
(628,866)
(641,1029)
(641,1029)
(641,1091)
(642,1091)
(642,1031)
(642,1053)
(642,1053)
(642,1091)
(643,1091)
(643,1055)
(645,1060)
(648,1058)
(648,1091)
(653,1091)
(653,1057)
(653,1057)
(653,875)
(653,1091)
(658,1091)
(658,875)
(663,875)
(663,1091)
(668,1091)
(668,875)
(668,1035)
(672,1037)
(676,1028)
(676,1091)
(671,1091)
(671,1036)
(668,1035)
(668,1091)
(676,1028)
(708,962)
(708,1095)
(703,1095)
(703,875)
(698,875)
(698,1095)
(693,1091)
(693,875)
(688,875)
(688,1091)
(683,1091)
(683,875)
(678,875)
(678,1091)
(676,1091)
(676,875)
(708,1042)
(717,1046)
(717,1095)
(712,1095)
(712,1043)
(708,1042)
(708,1095)
(708,1042)
(708,962)
(676,875)
(708,962)
(717,966)
(717,1015)
(712,1016)
(712,963)
(708,962)
(708,1018)
(708,1018)
(708,962)
(676,875)
(676,1003)
(676,1003)
(676,1028)
(671,1026)
(671,1011)
(668,1010)
(668,1035)
(668,1010)
(668,1010)
(668,985)
(671,986)
(671,1001)
(676,1003)
(676,978)
(676,978)
(669,976)
(668,985)
(668,960)
(671,961)
(671,976)
(676,978)
(676,953)
(676,953)
(669,951)
(668,960)
(668,935)
(671,936)
(671,951)
(676,953)
(676,928)
(676,928)
(669,926)
(668,935)
(668,875)
(671,875)
(671,926)
(676,928)
(676,875)
(676,928)
(676,928)
(669,951)
(668,960)
(669,951)
(676,953)
(676,953)
(669,976)
(668,985)
(669,976)
(676,978)
(676,978)
(669,1001)
(668,1010)
(669,1001)
(676,1003)
(676,1003)
(669,1026)
(668,1035)
(669,1026)
(676,1003)
(708,962)
(676,875)
(676,1028)
(676,1028)
(668,1091)
(668,1035)
(668,875)
(653,875)
(653,1009)
(653,1009)
(653,1034)
(651,1026)
(648,1026)
(648,1010)
(644,1011)
(643,1002)
(643,1028)
(653,1009)
(651,1001)
(643,1002)
(643,977)
(644,986)
(648,985)
(648,1001)
(651,1001)
(653,1009)
(653,984)
(653,984)
(651,976)
(643,977)
(643,952)
(644,961)
(648,960)
(648,976)
(651,976)
(653,984)
(653,959)
(653,959)
(651,951)
(643,952)
(643,933)
(648,935)
(648,951)
(651,951)
(653,959)
(653,927)
(653,927)
(653,907)
(653,927)
(648,926)
(648,908)
(645,910)
(643,906)
(643,925)
(642,929)
(642,904)
(642,904)
(642,875)
(642,904)
(643,903)
(643,875)
(648,875)
(648,903)
(651,903)
(653,907)
(653,875)
(642,875)
(642,875)
(642,929)
(641,933)
(641,875)
(641,933)
(641,933)
(641,1029)
(643,1028)
(643,933)
(641,933)
(642,875)
(641,875)
(642,875)
(642,875)
(653,875)
(642,904)
(642,904)
(645,910)
(653,907)
(653,927)
(653,927)
(651,936)
(643,952)
(651,951)
(653,959)
(653,959)
(643,977)
(651,976)
(653,984)
(653,984)
(643,1002)
(651,1001)
(653,1009)
(653,1009)
(643,1028)
(651,1026)
(653,1034)
(644,1037)
(642,1031)
(642,1053)
(643,1052)
(643,1034)
(644,1037)
(648,1035)
(648,1052)
(651,1052)
(653,1057)
(653,1034)
(653,1034)
(651,1026)
(643,1028)
(653,1009)
(653,1009)
(653,875)
(668,875)
(653,1057)
(645,1060)
(642,1053)
(645,1060)
(653,1057)
(645,1060)
(642,1053)
(642,1031)
(641,1029)
(641,1029)
(641,875)
(631,875)
(628,866)
(628,866)
(628,866)
(628,934)
(627,932)
(627,863)
(627,863)
(629,718)
(629,846)
(627,863)
(627,718)
(629,778)
(633,799)
(638,798)
(638,824)
(633,822)
(633,799)
(629,778)
(629,846)
(632,822)
(638,824)
(638,848)
(638,798)
(640,798)
(640,848)
(645,848)
(645,797)
(645,830)
(645,830)
(649,848)
(645,848)
(645,830)
(645,830)
(645,797)
(647,797)
(647,830)
(652,832)
(652,796)
(652,796)
(669,803)
(679,785)
(679,846)
(674,845)
(674,794)
(669,803)
(669,845)
(664,845)
(664,800)
(659,797)
(659,845)
(654,845)
(654,796)
(652,796)
(652,845)
(679,846)
(679,846)
(679,645)
(682,645)
(682,846)
(687,846)
(687,645)
(692,645)
(692,846)
(697,846)
(697,645)
(697,776)
(708,783)
(707,782)
(707,847)
(702,846)
(702,779)
(697,776)
(697,846)
(697,846)
(679,846)
(697,645)
(697,645)
(707,645)
(707,723)
(702,723)
(702,645)
(697,645)
(697,724)
(697,724)
(697,645)
(679,846)
(679,785)
(669,778)
(669,645)
(674,645)
(674,781)
(679,785)
(679,645)
(669,722)
(669,722)
(669,778)
(665,766)
(664,765)
(664,722)
(659,723)
(659,762)
(654,760)
(654,760)
(654,724)
(649,724)
(649,760)
(644,761)
(644,718)
(639,718)
(639,762)
(638,763)
(634,777)
(634,718)
(629,718)
(629,778)
(638,763)
(669,722)
(667,688)
(669,645)
(669,722)
(667,688)
(664,688)
(664,645)
(659,645)
(659,700)
(654,700)
(654,636)
(649,636)
(649,700)
(644,699)
(644,636)
(639,643)
(639,699)
(634,698)
(634,645)
(629,645)
(629,698)
(624,697)
(624,645)
(619,645)
(619,697)
(614,692)
(614,645)
(609,645)
(609,688)
(606,689)
(606,645)
(667,688)
(669,722)
(669,722)
(638,763)
(629,778)
(638,763)
(654,760)
(665,766)
(669,778)
(669,778)
(679,645)
(679,645)
(697,645)
(679,846)
(679,846)
(652,845)
(679,785)
(669,803)
(652,832)
(652,845)
(652,832)
(651,845)
(652,845)
(652,845)
(679,785)
(669,803)
(652,796)
(652,796)
(645,830)
(645,830)
(645,830)
(645,848)
(645,848)
(638,848)
(645,797)
(638,824)
(638,848)
(638,824)
(634,848)
(638,848)
(638,848)
(645,797)
(638,798)
(638,798)
(632,822)
(629,846)
(629,778)
(629,718)
(627,718)
(627,718)
(627,718)
(627,932)
(624,926)
(622,926)
(622,718)
(619,718)
(619,927)
(619,927)
(619,927)
(619,1029)
(622,1027)
(622,936)
(622,1001)
(624,1012)
(628,1003)
(628,1032)
(626,1026)
(623,1027)
(623,1006)
(622,1001)
(622,1027)
(628,1003)
(622,1001)
(622,976)
(623,981)
(623,1001)
(628,1003)
(628,978)
(628,978)
(622,976)
(622,951)
(623,956)
(623,976)
(628,978)
(628,953)
(628,953)
(622,951)
(622,936)
(623,935)
(623,951)
(628,953)
(628,934)
(628,953)
(628,953)
(622,976)
(628,978)
(628,978)
(622,1001)
(628,1003)
(628,1003)
(622,1027)
(622,1001)
(622,936)
(619,927)
(619,927)
(619,927)
(627,718)
(627,718)
(627,718)
(629,718)
(627,863)
(627,863)
(628,866)
(628,866)
(628,866)
(631,875)
(641,875)
(628,1032)
(628,1032)
(619,1091)
(619,1029)
(619,718)
(611,718)
(606,709)
(606,709)
(606,645)
(595,645)
(595,840)
(595,1077)
(595,840)
(593,1077)
(591,1077)
(592,872)
(587,875)
(586,1077)
(594,872)
(595,840)
(595,645)
(606,645)
(595,645)
(595,645)
(556,858)
(556,633)
(556,633)
(556,387)
(558,388)
(558,621)
(560,609)
(563,609)
(563,390)
(567,405)
(568,405)
(568,618)
(573,618)
(573,405)
(578,405)
(578,618)
(583,618)
(583,405)
(588,405)
(588,618)
(593,618)
(593,405)
(598,405)
(598,618)
(603,618)
(603,405)
(608,405)
(608,618)
(613,618)
(613,405)
(613,447)
(623,455)
(623,618)
(618,618)
(618,451)
(613,447)
(613,618)
(623,618)
(623,618)
(623,613)
(689,616)
(689,611)
(623,608)
(623,603)
(689,606)
(689,601)
(689,601)
(689,618)
(689,405)
(692,405)
(692,618)
(697,618)
(697,458)
(702,459)
(702,618)
(707,618)
(707,460)
(693,458)
(689,405)
(689,405)
(689,472)
(684,471)
(684,405)
(679,405)
(679,471)
(675,471)
(675,405)
(675,453)
(675,453)
(675,458)
(653,455)
(653,460)
(675,463)
(675,468)
(653,465)
(653,470)
(655,470)
(653,454)
(653,405)
(653,470)
(648,470)
(648,405)
(643,405)
(643,470)
(638,470)
(638,405)
(633,405)
(633,470)
(628,470)
(628,405)
(653,405)
(675,405)
(664,405)
(675,405)
(675,410)
(653,408)
(653,414)
(675,416)
(653,414)
(653,405)
(628,405)
(628,453)
(628,453)
(628,470)
(624,470)
(623,601)
(623,455)
(624,456)
(628,453)
(628,405)
(653,405)
(628,405)
(628,405)
(628,435)
(623,433)
(623,405)
(618,405)
(618,434)
(613,438)
(613,405)
(628,405)
(628,405)
(653,405)
(653,454)
(671,456)
(675,453)
(655,470)
(675,453)
(675,405)
(689,405)
(689,405)
(693,458)
(707,460)
(689,618)
(689,601)
(689,601)
(685,604)
(623,618)
(623,618)
(613,618)
(623,455)
(613,447)
(613,405)
(560,609)
(556,633)
(556,387)
(556,387)
(556,224)
(558,224)
(558,374)
(560,362)
(563,363)
(563,225)
(568,215)
(568,378)
(573,378)
(573,214)
(578,213)
(578,378)
(583,378)
(583,213)
(583,213)
(621,145)
(621,378)
(616,378)
(616,145)
(611,145)
(611,378)
(606,378)
(606,145)
(601,145)
(601,378)
(596,378)
(596,145)
(591,145)
(591,378)
(586,378)
(586,145)
(583,145)
(583,378)
(621,291)
(621,291)
(621,378)
(625,378)
(625,291)
(630,291)
(630,378)
(635,378)
(635,292)
(640,292)
(640,378)
(645,378)
(645,292)
(650,313)
(650,378)
(655,378)
(655,312)
(660,311)
(660,378)
(665,378)
(665,311)
(670,310)
(670,378)
(675,378)
(675,310)
(675,310)
(675,239)
(675,378)
(676,378)
(676,239)
(676,239)
(716,145)
(716,378)
(711,378)
(711,145)
(706,145)
(706,378)
(701,378)
(701,145)
(696,145)
(696,378)
(691,378)
(691,145)
(686,145)
(686,378)
(681,378)
(681,145)
(676,145)
(676,378)
(676,239)
(676,145)
(676,239)
(671,218)
(671,145)
(666,145)
(666,219)
(661,220)
(661,145)
(656,145)
(656,221)
(651,222)
(651,145)
(646,145)
(646,223)
(645,224)
(645,145)
(645,224)
(645,224)
(647,245)
(645,245)
(645,224)
(645,145)
(645,245)
(640,245)
(640,145)
(635,145)
(635,245)
(630,245)
(630,145)
(625,145)
(625,245)
(621,246)
(621,145)
(645,224)
(645,224)
(645,245)
(645,224)
(645,145)
(676,145)
(676,145)
(716,145)
(676,378)
(676,378)
(675,239)
(676,239)
(675,239)
(675,239)
(675,292)
(670,290)
(670,240)
(669,241)
(669,290)
(669,290)
(668,290)
(669,290)
(669,254)
(669,254)
(662,252)
(662,243)
(664,242)
(664,252)
(669,254)
(669,241)
(669,254)
(669,254)
(668,290)
(669,290)
(669,290)
(675,239)
(675,239)
(675,239)
(676,239)
(675,310)
(675,310)
(650,313)
(621,291)
(621,291)
(583,378)
(621,145)
(583,145)
(583,145)
(583,213)
(581,205)
(578,205)
(578,145)
(573,145)
(573,205)
(568,205)
(568,145)
(563,145)
(563,205)
(561,205)
(561,145)
(561,145)
(561,145)
(561,167)
(559,162)
(556,162)
(556,145)
(551,145)
(551,162)
(546,162)
(546,145)
(544,145)
(544,162)
(559,162)
(561,167)
(561,167)
(561,205)
(556,205)
(556,169)
(551,171)
(551,205)
(546,205)
(546,173)
(541,176)
(541,187)
(536,187)
(536,174)
(531,173)
(531,165)
(531,197)
(526,197)
(526,164)
(521,164)
(521,197)
(516,197)
(516,155)
(511,155)
(511,197)
(506,197)
(506,155)
(501,155)
(501,197)
(496,197)
(496,155)
(491,155)
(491,197)
(486,197)
(486,155)
(481,155)
(481,197)
(476,197)
(476,155)
(471,155)
(471,197)
(466,197)
(466,155)
(461,155)
(461,197)
(456,197)
(456,155)
(451,155)
(451,197)
(446,197)
(446,155)
(441,155)
(441,197)
(436,197)
(436,155)
(431,155)
(431,197)
(426,197)
(426,155)
(421,155)
(421,197)
(416,197)
(416,155)
(411,155)
(411,197)
(407,197)
(406,209)
(406,155)
(405,155)
(405,222)
(405,222)
(415,224)
(416,257)
(410,257)
(409,222)
(405,224)
(405,257)
(405,257)
(405,222)
(405,155)
(405,257)
(400,257)
(400,164)
(395,164)
(395,257)
(390,257)
(390,164)
(385,164)
(385,257)
(384,189)
(380,188)
(380,175)
(375,173)
(375,187)
(370,186)
(370,164)
(365,164)
(365,187)
(360,188)
(360,164)
(359,164)
(355,155)
(355,189)
(354,190)
(354,155)
(354,190)
(357,197)
(364,196)
(364,317)
(359,317)
(359,196)
(357,197)
(354,190)
(354,317)
(364,317)
(364,317)
(364,260)
(369,261)
(369,317)
(374,317)
(374,267)
(376,277)
(379,277)
(379,317)
(384,317)
(384,277)
(389,277)
(389,317)
(394,317)
(394,277)
(399,277)
(399,317)
(404,317)
(404,277)
(409,277)
(409,317)
(414,317)
(414,277)
(419,277)
(419,317)
(424,317)
(424,277)
(429,277)
(429,317)
(434,317)
(434,277)
(439,277)
(439,317)
(444,317)
(444,277)
(449,277)
(449,317)
(454,317)
(454,277)
(459,277)
(459,317)
(464,317)
(464,277)
(469,277)
(469,317)
(474,317)
(474,277)
(479,277)
(479,317)
(484,317)
(484,277)
(489,277)
(489,317)
(494,317)
(494,277)
(499,277)
(499,317)
(504,317)
(504,224)
(509,224)
(509,362)
(514,362)
(514,224)
(519,224)
(519,362)
(521,362)
(524,372)
(524,224)
(526,224)
(526,380)
(526,380)
(556,224)
(556,1265)
(551,1260)
(551,224)
(546,224)
(546,1257)
(541,1254)
(541,224)
(536,224)
(536,1253)
(531,1253)
(531,224)
(526,224)
(526,1253)
(526,1253)
(520,1253)
(520,1105)
(521,1105)
(521,1253)
(526,1253)
(526,1099)
(520,1253)
(520,1253)
(520,1299)
(522,1300)
(522,1272)
(522,1300)
(522,1408)
(522,1272)
(527,1271)
(527,1409)
(528,1410)
(532,1420)
(532,1262)
(537,1262)
(537,1420)
(542,1415)
(542,1265)
(543,1266)
(543,1414)
(543,1414)
(557,1390)
(557,1400)
(552,1405)
(552,1389)
(547,1388)
(547,1410)
(543,1414)
(543,1366)
(543,1366)
(544,1267)
(544,1365)
(543,1366)
(543,1266)
(544,1311)
(544,1311)
(544,1365)
(546,1365)
(546,1311)
(546,1343)
(546,1343)
(546,1365)
(550,1364)
(550,1343)
(555,1344)
(555,1363)
(560,1363)
(560,1345)
(546,1343)
(547,1337)
(546,1311)
(546,1343)
(547,1337)
(550,1337)
(550,1311)
(555,1312)
(555,1337)
(560,1337)
(560,1313)
(547,1337)
(546,1343)
(546,1343)
(560,1345)
(546,1343)
(546,1311)
(544,1311)
(544,1311)
(544,1267)
(543,1266)
(544,1267)
(544,1267)
(544,1293)
(548,1292)
(548,1271)
(553,1277)
(553,1292)
(558,1292)
(558,1283)
(544,1267)
(544,1267)
(543,1266)
(543,1366)
(543,1366)
(544,1388)
(557,1390)
(543,1414)
(543,1414)
(522,1408)
(522,1380)
(522,1380)
(522,1408)
(521,1408)
(517,1427)
(517,1382)
(512,1382)
(512,1427)
(507,1427)
(507,1382)
(502,1382)
(502,1427)
(497,1427)
(497,1382)
(492,1382)
(492,1427)
(489,1408)
(489,1382)
(489,1382)
(489,1271)
(489,1408)
(484,1408)
(484,1273)
(479,1261)
(479,1419)
(474,1418)
(474,1261)
(469,1263)
(469,1417)
(467,1417)
(467,1264)
(484,1273)
(489,1271)
(491,1271)
(495,1249)
(495,1291)
(494,1291)
(490,1298)
(490,1271)
(489,1271)
(489,1300)
(495,1249)
(495,1107)
(495,1291)
(500,1292)
(500,1106)
(505,1106)
(505,1298)
(510,1298)
(510,1105)
(515,1105)
(515,1299)
(520,1299)
(520,1105)
(495,1125)
(495,1125)
(495,1249)
(490,1247)
(490,1125)
(485,1126)
(485,1252)
(483,1253)
(483,1118)
(483,1118)
(483,1107)
(483,1118)
(485,1117)
(485,1107)
(490,1107)
(490,1117)
(493,1117)
(495,1125)
(495,1107)
(483,1118)
(483,1253)
(483,1107)
(482,1107)
(482,1253)
(477,1254)
(477,1108)
(472,1108)
(472,1255)
(467,1257)
(467,1109)
(462,1109)
(462,1258)
(460,1259)
(457,1263)
(457,1109)
(455,1125)
(452,1127)
(452,1270)
(447,1277)
(447,1128)
(442,1128)
(442,1388)
(445,1280)
(483,1118)
(483,1107)
(495,1107)
(483,1118)
(483,1118)
(484,1127)
(495,1125)
(495,1125)
(495,1107)
(520,1105)
(495,1249)
(495,1249)
(489,1300)
(489,1300)
(489,1271)
(484,1273)
(467,1264)
(467,1297)
(467,1297)
(467,1372)
(465,1371)
(465,1311)
(467,1372)
(467,1372)
(467,1417)
(462,1410)
(462,1387)
(457,1389)
(457,1404)
(453,1399)
(453,1390)
(466,1387)
(467,1372)
(465,1311)
(467,1297)
(467,1297)
(464,1292)
(453,1282)
(453,1292)
(457,1292)
(457,1276)
(462,1268)
(462,1292)
(464,1292)
(467,1297)
(467,1264)
(467,1297)
(467,1297)
(465,1311)
(465,1339)
(465,1339)
(465,1371)
(460,1371)
(460,1345)
(455,1345)
(455,1370)
(451,1370)
(451,1345)
(461,1345)
(465,1339)
(465,1311)
(465,1339)
(460,1338)
(460,1311)
(455,1311)
(455,1337)
(451,1337)
(451,1312)
(465,1339)
(465,1339)
(461,1345)
(451,1345)
(461,1345)
(465,1339)
(465,1311)
(467,1297)
(467,1297)
(467,1264)
(484,1273)
(489,1271)
(489,1382)
(489,1382)
(518,1383)
(522,1380)
(522,1380)
(522,1408)
(543,1414)
(522,1300)
(522,1272)
(521,1273)
(520,1253)
(520,1253)
(520,1253)
(526,1099)
(526,1099)
(506,922)
(511,881)
(511,1078)
(516,1079)
(516,880)
(521,880)
(521,1079)
(522,1080)
(526,1099)
(526,859)
(526,859)
(515,639)
(515,855)
(516,855)
(516,638)
(521,635)
(521,857)
(526,859)
(526,632)
(526,632)
(515,390)
(515,618)
(516,618)
(516,390)
(521,390)
(521,609)
(524,609)
(526,632)
(526,380)
(515,585)
(515,585)
(515,618)
(510,618)
(510,586)
(507,588)
(507,618)
(515,585)
(515,390)
(523,390)
(526,380)
(523,390)
(515,390)
(515,390)
(515,486)
(511,485)
(511,403)
(506,405)
(514,402)
(515,390)
(515,390)
(523,390)
(526,380)
(526,632)
(526,632)
(515,639)
(515,800)
(515,800)
(515,855)
(514,855)
(515,800)
(507,779)
(494,776)
(477,783)
(477,745)
(480,745)
(480,781)
(485,779)
(485,746)
(490,747)
(490,777)
(494,776)
(495,776)
(495,749)
(495,763)
(500,763)
(500,777)
(505,778)
(505,764)
(510,746)
(510,798)
(515,800)
(515,745)
(505,764)
(477,783)
(480,790)
(495,788)
(495,855)
(490,855)
(490,788)
(485,789)
(485,855)
(480,855)
(480,790)
(477,783)
(477,855)
(477,783)
(477,745)
(477,855)
(476,855)
(476,745)
(476,745)
(476,745)
(476,690)
(481,702)
(476,690)
(476,690)
(476,855)
(473,855)
(473,683)
(473,683)
(473,667)
(473,683)
(476,667)
(473,667)
(473,667)
(473,855)
(468,855)
(468,667)
(463,667)
(463,855)
(458,855)
(458,667)
(453,667)
(453,855)
(448,855)
(448,667)
(443,667)
(443,845)
(438,845)
(438,667)
(433,667)
(433,845)
(428,845)
(428,667)
(428,818)
(428,818)
(428,845)
(423,845)
(423,827)
(418,827)
(418,845)
(413,845)
(413,827)
(408,827)
(408,845)
(404,845)
(404,817)
(404,817)
(404,817)
(404,789)
(409,793)
(409,816)
(414,815)
(414,803)
(417,815)
(404,789)
(404,789)
(404,845)
(399,845)
(399,786)
(394,786)
(394,845)
(389,845)
(389,791)
(387,797)
(384,796)
(384,855)
(379,855)
(379,785)
(374,785)
(374,855)
(369,855)
(369,785)
(364,787)
(364,855)
(361,849)
(361,790)
(361,790)
(361,790)
(361,820)
(359,815)
(356,815)
(356,796)
(351,802)
(351,815)
(349,815)
(349,805)
(359,815)
(361,820)
(361,820)
(361,849)
(360,847)
(356,847)
(356,821)
(351,822)
(351,847)
(347,847)
(347,823)
(361,820)
(359,815)
(349,805)
(361,790)
(361,790)
(361,790)
(387,797)
(404,789)
(404,817)
(404,817)
(417,815)
(404,817)
(405,827)
(424,828)
(428,818)
(424,828)
(405,827)
(404,817)
(405,827)
(424,828)
(428,818)
(421,794)
(408,781)
(396,776)
(361,779)
(360,779)
(360,647)
(361,660)
(365,661)
(365,778)
(370,778)
(370,663)
(375,675)
(375,777)
(380,777)
(380,678)
(385,677)
(385,667)
(385,776)
(390,776)
(390,667)
(395,667)
(395,776)
(396,776)
(400,777)
(400,667)
(405,667)
(405,779)
(408,781)
(410,783)
(410,667)
(415,667)
(415,788)
(420,793)
(420,667)
(425,667)
(425,807)
(428,818)
(428,667)
(376,680)
(361,660)
(360,647)
(360,647)
(360,324)
(362,324)
(362,646)
(367,646)
(367,379)
(367,522)
(377,525)
(377,638)
(372,638)
(372,523)
(367,522)
(367,646)
(367,646)
(360,647)
(367,379)
(367,379)
(377,384)
(377,498)
(372,498)
(372,381)
(367,379)
(367,499)
(367,499)
(367,379)
(360,647)
(360,647)
(360,324)
(360,779)
(355,784)
(355,324)
(350,324)
(350,788)
(347,791)
(345,795)
(345,324)
(340,324)
(340,806)
(340,806)
(335,848)
(335,324)
(330,324)
(330,848)
(326,848)
(326,324)
(326,443)
(326,443)
(326,848)
(321,848)
(321,445)
(316,448)
(316,855)
(311,856)
(311,450)
(310,451)
(309,432)
(309,857)
(326,443)
(324,430)
(309,432)
(309,324)
(311,324)
(311,431)
(316,431)
(316,324)
(321,324)
(321,430)
(324,430)
(326,443)
(326,324)
(309,324)
(309,324)
(309,857)
(306,858)
(306,324)
(309,324)
(326,324)
(309,432)
(324,430)
(326,443)
(326,443)
(309,857)
(326,443)
(326,324)
(360,324)
(360,324)
(365,378)
(367,379)
(360,647)
(360,647)
(361,660)
(376,680)
(428,667)
(360,779)
(361,779)
(396,776)
(408,781)
(421,794)
(428,818)
(424,828)
(405,827)
(404,817)
(405,827)
(424,828)
(428,818)
(428,818)
(428,667)
(473,667)
(473,667)
(473,667)
(476,667)
(473,683)
(473,683)
(476,690)
(476,690)
(481,702)
(476,745)
(476,745)
(476,745)
(477,745)
(477,783)
(480,790)
(495,788)
(477,855)
(477,783)
(477,783)
(505,764)
(515,745)
(515,800)
(515,800)
(514,855)
(515,800)
(515,639)
(526,632)
(515,639)
(515,639)
(515,707)
(510,705)
(510,642)
(506,645)
(515,639)
(515,639)
(526,632)
(526,859)
(526,859)
(523,880)
(506,922)
(526,1099)
(526,1099)
(520,1253)
(526,1253)
(526,1253)
(556,224)
(526,380)
(526,380)
(521,362)
(507,318)
(364,317)
(364,317)
(354,317)
(364,196)
(364,196)
(373,196)
(373,206)
(368,207)
(368,196)
(364,196)
(364,208)
(364,208)
(364,196)
(354,317)
(354,190)
(354,155)
(354,317)
(349,317)
(349,155)
(344,155)
(344,317)
(339,317)
(339,155)
(334,155)
(334,317)
(329,317)
(329,155)
(324,155)
(324,317)
(319,317)
(319,155)
(314,155)
(314,317)
(309,317)
(309,155)
(304,155)
(304,317)
(299,317)
(299,155)
(294,155)
(294,317)
(289,317)
(289,155)
(284,155)
(284,317)
(280,317)
(280,155)
(280,231)
(280,231)
(280,317)
(278,317)
(278,232)
(278,232)
(278,232)
(278,407)
(273,407)
(273,233)
(268,233)
(268,442)
(263,443)
(263,232)
(259,232)
(259,444)
(259,232)
(259,155)
(259,232)
(260,187)
(260,155)
(265,155)
(265,188)
(270,190)
(270,155)
(275,155)
(275,192)
(280,194)
(280,155)
(259,155)
(259,155)
(259,444)
(254,445)
(254,155)
(249,155)
(249,432)
(245,431)
(245,155)
(245,155)
(245,155)
(245,319)
(240,318)
(240,155)
(235,155)
(235,318)
(233,318)
(233,155)
(233,231)
(233,231)
(233,318)
(228,318)
(228,233)
(224,232)
(224,318)
(224,232)
(224,232)
(224,155)
(228,155)
(228,211)
(233,213)
(233,155)
(224,155)
(224,155)
(224,318)
(219,318)
(219,155)
(214,155)
(214,318)
(209,318)
(209,155)
(204,155)
(204,318)
(199,318)
(199,155)
(194,155)
(194,317)
(189,317)
(189,155)
(184,155)
(184,317)
(179,317)
(179,155)
(174,155)
(174,317)
(169,317)
(169,155)
(164,155)
(164,317)
(159,317)
(159,155)
(154,155)
(154,317)
(149,317)
(149,155)
(144,155)
(144,316)
(141,164)
(224,155)
(233,155)
(225,211)
(224,232)
(224,232)
(229,234)
(233,231)
(224,318)
(233,231)
(233,155)
(245,155)
(245,319)
(245,319)
(245,431)
(242,431)
(240,446)
(240,329)
(235,340)
(235,446)
(230,446)
(230,324)
(225,324)
(225,433)
(220,431)
(220,324)
(215,324)
(215,430)
(211,430)
(210,430)
(210,324)
(207,324)
(207,432)
(207,432)
(207,324)
(207,512)
(202,513)
(202,324)
(207,450)
(226,451)
(226,512)
(221,512)
(221,451)
(216,450)
(216,512)
(211,512)
(211,450)
(207,450)
(207,512)
(226,512)
(226,512)
(226,479)
(227,487)
(229,487)
(229,512)
(234,512)
(234,487)
(239,487)
(239,511)
(244,511)
(244,487)
(249,493)
(249,511)
(254,511)
(254,495)
(259,494)
(259,511)
(264,511)
(264,493)
(264,493)
(264,511)
(264,454)
(266,453)
(266,511)
(267,511)
(271,520)
(271,452)
(271,452)
(271,452)
(271,574)
(275,575)
(275,452)
(275,452)
(275,452)
(275,618)
(277,615)
(277,451)
(282,451)
(282,613)
(287,613)
(287,431)
(287,431)
(293,324)
(293,633)
(288,613)
(288,324)
(287,324)
(287,613)
(287,613)
(275,452)
(282,451)
(287,431)
(282,451)
(275,452)
(275,452)
(271,452)
(271,520)
(271,520)
(271,574)
(266,573)
(266,523)
(264,524)
(264,572)
(264,553)
(264,553)
(264,572)
(260,572)
(259,576)
(259,555)
(254,555)
(254,580)
(249,580)
(249,555)
(244,555)
(244,580)
(239,572)
(239,554)
(234,554)
(234,572)
(229,572)
(229,554)
(226,554)
(226,572)
(226,554)
(226,554)
(226,548)
(226,549)
(227,546)
(241,546)
(226,543)
(226,538)
(248,541)
(249,538)
(264,538)
(226,533)
(226,528)
(264,533)
(264,528)
(228,524)
(263,525)
(264,524)
(263,525)
(227,526)
(226,526)
(226,526)
(226,572)
(221,590)
(221,526)
(220,526)
(220,594)
(220,594)
(220,594)
(220,624)
(225,625)
(225,597)
(225,597)
(225,597)
(225,838)
(226,838)
(226,597)
(226,615)
(227,622)
(244,638)
(250,635)
(264,619)
(264,851)
(263,848)
(259,848)
(259,620)
(254,622)
(254,848)
(249,848)
(249,635)
(244,638)
(244,848)
(239,848)
(239,633)
(238,632)
(234,622)
(234,848)
(231,838)
(229,838)
(229,622)
(227,622)
(226,615)
(226,838)
(226,615)
(226,615)
(226,597)
(228,599)
(231,597)
(231,614)
(236,614)
(236,595)
(237,595)
(241,590)
(241,614)
(246,614)
(246,590)
(251,597)
(251,614)
(256,614)
(256,597)
(261,597)
(261,614)
(262,614)
(264,619)
(264,594)
(264,619)
(264,619)
(226,838)
(226,615)
(226,597)
(225,597)
(225,637)
(225,637)
(225,838)
(220,838)
(220,638)
(215,640)
(215,838)
(211,838)
(211,641)
(211,824)
(211,838)
(211,824)
(210,838)
(211,824)
(205,814)
(202,814)
(202,620)
(205,644)
(206,643)
(206,815)
(211,824)
(211,641)
(205,644)
(202,620)
(202,620)
(202,522)
(205,523)
(205,619)
(210,618)
(210,525)
(211,526)
(215,526)
(215,620)
(220,624)
(220,526)
(211,526)
(202,522)
(202,324)
(202,814)
(197,814)
(197,324)
(192,324)
(192,814)
(187,814)
(187,324)
(185,324)
(185,814)
(185,434)
(185,434)
(185,814)
(180,814)
(180,446)
(178,452)
(175,444)
(175,837)
(170,837)
(170,438)
(165,435)
(165,837)
(163,837)
(163,434)
(163,434)
(163,324)
(163,434)
(165,428)
(165,324)
(170,324)
(170,421)
(175,421)
(175,324)
(180,324)
(180,427)
(185,434)
(185,324)
(163,324)
(163,324)
(163,837)
(158,837)
(158,324)
(153,324)
(153,837)
(152,837)
(152,324)
(152,636)
(152,636)
(152,837)
(147,837)
(147,639)
(142,643)
(142,837)
(141,837)
(141,644)
(152,636)
(152,324)
(163,324)
(152,324)
(152,324)
(152,629)
(147,627)
(147,324)
(142,324)
(142,621)
(141,618)
(141,324)
(152,324)
(152,324)
(163,324)
(163,324)
(163,324)
(185,324)
(185,434)
(185,434)
(178,452)
(163,434)
(178,452)
(185,434)
(202,324)
(185,814)
(202,620)
(202,620)
(220,526)
(202,620)
(205,644)
(211,641)
(202,814)
(205,814)
(211,824)
(211,838)
(210,838)
(211,824)
(211,641)
(225,637)
(225,637)
(226,597)
(225,597)
(225,597)
(225,597)
(220,594)
(220,594)
(220,594)
(226,526)
(226,554)
(226,554)
(227,546)
(263,525)
(264,524)
(263,525)
(227,546)
(226,554)
(260,556)
(264,553)
(260,556)
(226,572)
(260,572)
(264,572)
(264,572)
(271,520)
(271,520)
(271,452)
(275,452)
(271,452)
(271,452)
(264,511)
(264,493)
(262,478)
(264,454)
(264,493)
(262,478)
(259,478)
(259,462)
(254,462)
(254,478)
(249,478)
(249,459)
(244,453)
(244,478)
(239,478)
(239,453)
(234,452)
(234,478)
(229,478)
(229,452)
(226,451)
(226,479)
(262,478)
(264,493)
(264,511)
(271,452)
(264,493)
(264,493)
(226,512)
(226,512)
(207,512)
(226,451)
(207,450)
(207,324)
(202,324)
(207,324)
(234,343)
(245,319)
(207,432)
(245,319)
(245,155)
(233,155)
(245,155)
(245,155)
(259,155)
(259,155)
(259,155)
(280,155)
(260,187)
(259,232)
(276,234)
(278,232)
(259,444)
(278,317)
(278,232)
(280,231)
(280,231)
(280,155)
(354,155)
(354,190)
(357,197)
(364,196)
(354,317)
(354,190)
(354,155)
(359,164)
(372,173)
(380,175)
(402,164)
(405,155)
(405,222)
(415,224)
(405,257)
(405,222)
(405,222)
(407,197)
(541,176)
(561,167)
(561,167)
(559,162)
(544,162)
(561,145)
(561,145)
(561,145)
(583,145)
(583,145)
(621,145)
(583,378)
(583,378)
(567,365)
(560,362)
(556,387)
(583,213)
(556,387)
(567,405)
(613,405)
(560,609)
(556,633)
(556,633)
(569,645)
(595,645)
(556,858)
(556,858)
(557,882)
(578,1037)
(560,1079)
(556,1103)
(556,1103)
(556,1103)
(569,1104)
(569,1104)
(569,1104)
(582,1106)
(569,1387)
(569,1387)
(565,1403)
(490,1510)
(489,1556)
(489,1556)
(489,1571)
(554,1558)
(508,1558)
(489,1556)
(449,1562)
(442,1567)
(489,1433)
(465,1425)
(449,1410)
(442,1388)
(442,1128)
(407,1128)
(407,1578)
(415,1824)
(465,1827)
(407,1875)
(407,1578)
(407,1128)
(375,1128)
(375,1601)
(375,1601)
(375,1876)
(370,1876)
(370,1602)
(367,1604)
(367,1876)
(375,1601)
(375,1128)
(407,1128)
(375,1128)
(375,1128)
(315,1575)
(315,1575)
(314,1255)
(314,1575)
(315,1575)
(315,1255)
(314,1255)
(314,1255)
(314,1453)
(309,1449)
(309,1257)
(307,1258)
(307,1447)
(307,1447)
(298,1441)
(297,1457)
(297,1419)
(301,1421)
(302,1419)
(302,1444)
(307,1447)
(307,1411)
(301,1421)
(297,1419)
(297,1419)
(297,1359)
(301,1361)
(302,1359)
(302,1381)
(303,1381)
(307,1390)
(307,1351)
(301,1361)
(297,1359)
(297,1345)
(297,1457)
(292,1457)
(292,1344)
(287,1344)
(287,1457)
(282,1457)
(282,1344)
(277,1344)
(277,1457)
(272,1457)
(272,1344)
(267,1344)
(267,1457)
(262,1457)
(262,1344)
(257,1344)
(257,1457)
(252,1457)
(252,1344)
(247,1344)
(247,1457)
(242,1457)
(242,1344)
(237,1344)
(237,1457)
(232,1457)
(232,1344)
(227,1344)
(227,1457)
(222,1457)
(222,1344)
(217,1344)
(217,1457)
(212,1457)
(212,1344)
(207,1344)
(207,1457)
(202,1457)
(202,1344)
(197,1344)
(197,1457)
(192,1457)
(192,1344)
(187,1344)
(187,1457)
(185,1458)
(185,1344)
(297,1359)
(301,1361)
(307,1351)
(298,1381)
(297,1419)
(297,1419)
(301,1421)
(307,1411)
(298,1441)
(297,1457)
(298,1441)
(307,1447)
(307,1447)
(314,1255)
(314,1255)
(314,1255)
(315,1255)
(314,1459)
(314,1459)
(314,1575)
(311,1575)
(311,1460)
(306,1463)
(306,1572)
(304,1567)
(301,1567)
(301,1533)
(297,1534)
(296,1530)
(296,1568)
(291,1575)
(291,1527)
(286,1527)
(286,1575)
(281,1575)
(281,1527)
(276,1527)
(276,1575)
(271,1575)
(271,1527)
(266,1527)
(266,1575)
(261,1575)
(261,1527)
(256,1527)
(256,1575)
(251,1575)
(251,1527)
(247,1532)
(246,1532)
(246,1571)
(245,1567)
(241,1567)
(241,1535)
(239,1536)
(236,1535)
(236,1567)
(231,1568)
(231,1534)
(226,1533)
(226,1568)
(221,1568)
(221,1531)
(216,1527)
(216,1577)
(211,1577)
(211,1527)
(206,1527)
(206,1577)
(206,1577)
(206,1527)
(202,1697)
(201,1527)
(196,1527)
(197,1697)
(192,1697)
(191,1527)
(186,1527)
(187,1697)
(206,1697)
(206,1697)
(206,1671)
(211,1672)
(211,1697)
(216,1697)
(216,1669)
(217,1669)
(221,1631)
(221,1697)
(226,1697)
(226,1631)
(231,1631)
(231,1697)
(236,1697)
(236,1631)
(217,1669)
(212,1673)
(206,1671)
(187,1697)
(206,1527)
(206,1577)
(206,1577)
(220,1569)
(305,1533)
(314,1459)
(314,1459)
(314,1255)
(315,1255)
(315,1255)
(375,1128)
(315,1575)
(315,1247)
(307,1245)
(315,1083)
(310,1082)
(307,1057)
(307,1057)
(307,881)
(310,881)
(310,1056)
(315,1055)
(315,883)
(307,1057)
(310,1082)
(315,1083)
(307,1245)
(307,1057)
(307,881)
(306,881)
(306,881)
(306,324)
(293,324)
(293,633)
(293,633)
(284,1215)
(284,1171)
(284,1171)
(284,1215)
(282,1209)
(279,1209)
(279,1171)
(274,1172)
(274,1209)
(269,1209)
(269,1173)
(264,1174)
(264,1209)
(259,1209)
(259,1175)
(257,1176)
(254,1137)
(254,1215)
(249,1215)
(249,1137)
(244,1137)
(244,1215)
(239,1215)
(239,1137)
(237,1137)
(236,1111)
(236,1215)
(236,1111)
(236,1111)
(236,1049)
(241,1049)
(241,1110)
(246,1110)
(246,1049)
(236,1049)
(236,1049)
(236,1215)
(231,1215)
(231,1049)
(226,1049)
(226,1198)
(225,1198)
(225,1049)
(225,1049)
(225,1049)
(225,1129)
(220,1128)
(220,1049)
(215,1049)
(215,1128)
(213,1128)
(213,1049)
(213,1049)
(213,1049)
(213,1054)
(212,1049)
(207,1049)
(213,1098)
(210,1072)
(206,1071)
(204,1049)
(199,1049)
(210,1072)
(213,1098)
(213,1098)
(213,1128)
(208,1128)
(208,1105)
(203,1113)
(203,1128)
(198,1128)
(198,1109)
(193,1106)
(193,1128)
(191,1128)
(191,1105)
(191,1105)
(191,1075)
(191,1105)
(192,1101)
(192,1075)
(197,1075)
(197,1091)
(202,1091)
(202,1076)
(191,1075)
(191,1075)
(191,1128)
(186,1128)
(186,1074)
(183,1074)
(183,1128)
(183,1110)
(183,1074)
(183,1110)
(179,1105)
(179,1074)
(183,1110)
(183,1110)
(183,1128)
(178,1128)
(178,1110)
(173,1111)
(173,1128)
(168,1128)
(168,1112)
(163,1112)
(163,1128)
(159,1128)
(159,1105)
(159,1105)
(159,1073)
(159,1105)
(161,1105)
(161,1073)
(166,1073)
(166,1105)
(171,1105)
(171,1074)
(159,1073)
(159,1073)
(159,1128)
(154,1128)
(154,1062)
(149,1062)
(149,1128)
(144,1128)
(144,1063)
(139,1063)
(139,1118)
(134,1118)
(134,1064)
(129,1064)
(129,1118)
(128,1118)
(128,1065)
(159,1073)
(159,1073)
(171,1074)
(159,1105)
(159,1105)
(161,1113)
(183,1110)
(183,1110)
(183,1074)
(179,1074)
(183,1074)
(191,1075)
(183,1128)
(191,1105)
(191,1075)
(202,1076)
(195,1092)
(191,1105)
(203,1113)
(191,1105)
(203,1113)
(213,1098)
(213,1098)
(213,1049)
(199,1049)
(213,1049)
(213,1049)
(225,1049)
(225,1129)
(225,1198)
(225,1129)
(221,1139)
(221,1198)
(216,1198)
(216,1138)
(211,1138)
(211,1198)
(206,1198)
(206,1138)
(201,1147)
(201,1198)
(196,1198)
(196,1151)
(191,1151)
(191,1198)
(186,1198)
(186,1151)
(181,1151)
(181,1198)
(176,1198)
(176,1151)
(171,1139)
(171,1198)
(166,1198)
(166,1139)
(162,1151)
(161,1152)
(161,1198)
(156,1198)
(156,1158)
(151,1164)
(151,1198)
(146,1198)
(146,1171)
(141,1198)
(221,1139)
(225,1129)
(225,1049)
(213,1049)
(225,1049)
(225,1049)
(236,1049)
(236,1049)
(246,1049)
(236,1111)
(236,1111)
(237,1137)
(257,1176)
(284,1171)
(236,1215)
(258,1209)
(282,1209)
(284,1215)
(284,1215)
(293,633)
(284,637)
(284,637)
(276,1167)
(276,1167)
(275,863)
(275,1167)
(276,1167)
(276,859)
(275,1081)
(275,1081)
(275,1167)
(270,1167)
(270,1082)
(267,1084)
(267,1167)
(275,1081)
(275,863)
(276,859)
(275,863)
(275,863)
(275,1059)
(270,1057)
(270,881)
(265,881)
(265,875)
(265,1039)
(260,1036)
(260,875)
(255,875)
(255,1034)
(254,1033)
(254,875)
(254,962)
(254,962)
(254,1033)
(249,1031)
(249,964)
(244,1004)
(244,1017)
(243,1017)
(254,962)
(254,875)
(265,881)
(271,882)
(275,863)
(271,882)
(265,881)
(254,875)
(254,875)
(254,940)
(249,938)
(249,875)
(244,882)
(244,898)
(243,885)
(254,875)
(254,875)
(265,881)
(271,882)
(275,863)
(275,863)
(275,863)
(276,859)
(276,859)
(284,637)
(276,1167)
(276,859)
(276,625)
(275,618)
(275,618)
(264,594)
(275,584)
